15691
24843
2034
11192
18980
6164
8027
12340
23501
2053
23038
29986
29115
20050
19478
14372
9243
28482
16982
18028
12645
32059
23587
32289
2612
17728
5632
32517
20309
9400
22602
20054
30238
27761
24101
29170
1793
29924
2230
18110
10849
18363
29331
5703
30627
656
22391
12202
14985
22264
9275
1970
8891
19392
17153
9281
4519
9078
30643
22257
31371
3115
24748
2810
2256
31864
28596
10839
154
25023
28466
24100
3485
947
26525
11851
29746
16667
31028
17503
22698
2515
32239
21960
4322
14867
1973
31009
13335
15091
3791
27358
23804
3119
25757
1330
21002
6952
16007
28464
2072
2860
27959
18224
13099
21239
5125
19572
22927
21370
29875
19467
7463
19419
9051
21750
12033
20156
13989
30602
8493
7360
18493
5141
2768
2123
22917
31940
12916
18058
28807
28356
12962
20916
301
9896
19635
16527
30388
5131
24035
14133
29022
28790
10919
21784
3175
15748
29761
17476
16443
28227
3217
19940
13542
16350
23598
6152
6348
1401
3765
28837
20378
27485
22881
18909
3452
30037
4060
19329
12945
15447
31573
7637
31388
12135
10195
20883
21756
23481
7113
2354
30942
22
11754
18279
2481
28544
27966
1773
24538
1817
20342
32642
18857
15169
6525
15410
22668
32767
13903
26327
3715
4258
28686
27873
32724
23208
16211
24915
15616
4062
9410
16398
6389
9161
16609
30290
8069
14405
7722
21634
20503
15724
24926
19751
28829
18617
21533
9528
3270
26477
32180
31129
30068
28722
15926
15841
21616
6143
8142
6240
10333
20027
21075
16225
15594
9253
1309
15276
29516
17267
4887
13391
28396
14393
13590
10142
31324
4621
11881
13689
14480
8297
10162
24269
30283
20049
11252
24157
12247
24885
31724
32451
7929
7960
11173
4529
25892
8178
15943
27773
9709
20051
13359
3549
9663
23370
16197
20719
16592
10629
4490
20860
20051
29625
31217
25981
17392
12869
17264
20446
11633
1042
2646
4227
19646
7869
31711
30089
30219
2552
13318
20942
31824
10797
11674
31923
16889
24165
30868
32544
16863
13673
10920
4553
9336
32294
15898
20656
13642
14166
21203
18411
19622
8797
1460
15784
402
32113
21034
23918
14343
10494
12803
10406
24413
15433
28544
20569
29955
19795
23979
23611
8051
28672
27370
17129
30053
12408
16853
22383
17731
3278
27717
12301
28894
12768
11437
27195
12639
32638
430
28650
22400
6094
2021
8717
23548
32238
11784
3160
21571
2012
28465
1607
8051
10131
1913
25955
24452
20343
22217
9409
4802
30195
26093
9675
24961
31841
16874
28226
29708
32042
8594
1924
25822
17710
2389
25355
8981
31846
24922
26679
22819
16839
12751
3917
11207
15978
31101
11711
25916
29675
21151
22446
24752
18959
23028
31405
18935
8105
3091
5576
1409
25278
3327
12997
21641
29671
3579
1193
2448
22775
17823
20350
24842
734
11820
32084
21079
10957
32285
1158
27892
2715
3838
830
5619
29800
9857
13371
14760
3456
21967
8402
17830
12417
25372
13363
32490
15041
29054
5102
2133
18666
23295
25014
11616
9959
28913
19044
17675
30468
5761
1599
16662
21584
27023
11898
15732
29766
28093
3070
9213
2989
28102
17258
14435
31421
1810
600
8295
1155
4999
4579
15436
5511
26017
29286
25484
23979
2757
25733
22987
16726
2002
882
4105
26066
17402
21609
1563
23795
5584
28541
24668
13306
9889
9623
1440
27064
8200
18364
22889
4087
22461
29582
26206
7189
28078
2326
3320
10994
4177
11712
2687
15373
23352
167
27701
10217
998
25619
17105
21942
18657
64
10798
29741
22280
25442
31045
14780
6439
25317
11865
28643
9673
8697
27505
19934
16205
24910
5899
26244
6716
31772
29967
11631
24026
13927
19458
22365
4859
16513
27260
6614
29976
5072
8412
3599
22946
3281
826
15119
8598
26205
1949
2832
26962
31276
21614
12328
27303
27287
21293
15400
17711
6562
23395
28613
8417
4409
2520
1269
24290
16570
6149
30876
19614
13236
18380
5992
3352
9711
14183
20985
11390
6316
12703
7238
4609
19757
20030
23612
17380
18552
30406
11176
12754
17497
9059
29014
31092
12710
25631
5498
22851
12230
2645
21840
17819
7540
1640
31232
21521
9921
19892
30404
28935
29784
23749
12876
4990
24582
10695
32610
25387
21114
6974
2250
1228
11849
22264
13420
188
27701
32063
16821
30661
19630
9299
10042
6710
17049
10263
29598
5430
31569
8714
13750
27224
10219
7545
12268
25968
27583
23539
23265
9380
5155
15870
31575
26310
32122
9224
20301
5089
18798
23456
5739
13329
19065
27878
31137
18584
18602
23616
5644
15151
934
13391
12057
22426
5613
27682
19436
895
7518
32169
17411
10360
19710
16492
32534
1127
19445
23676
27714
21514
1497
27050
29799
3023
20527
3832
27599
4841
2351
13901
18192
13475
5064
10349
5939
15348
21732
9511
4373
27988
5613
19409
9230
21199
28816
26609
25553
3672
10177
30269
18835
9823
4607
30150
4208
166
30937
22896
12554
32592
4529
11685
16499
29755
29632
17994
13901
24207
12122
2290
24111
9879
27251
10066
30795
19408
9827
24054
19790
14656
4838
2866
14728
13321
4711
12890
29517
6206
21374
16181
4251
22517
9143
7600
4092
28830
24469
31184
26798
19091
9174
15338
26114
14064
9209
5398
20994
32676
18942
12257
13142
15816
877
22850
8809
27184
24473
13776
31175
23616
25382
22321
26058
11009
13513
17878
6005
9332
1871
21221
7840
20263
25825
18039
12117
10757
16262
15876
22139
7794
27369
20251
25009
22680
25437
16983
32381
31227
1566
31374
21670
23124
7897
23627
8158
19100
28271
18815
3236
3687
3831
1395
23657
32627
22786
5377
5362
3969
11810
28420
16125
7267
19629
4365
30759
19031
4286
19544
23565
22675
18045
24318
2226
9249
29088
11627
16929
19693
11826
12307
31059
12573
3731
26977
14930
12960
6849
30704
17823
31498
21717
6398
22737
12703
26321
12062
27264
22445
23960
8492
23905
16160
5438
9606
28338
20304
14978
19833
25561
3101
1433
25850
15176
4926
4654
31383
25763
982
30886
9133
17445
1096
3240
20698
1344
23117
25821
18101
131
18756
4084
3773
14529
10953
6890
29840
13168
30088
19592
25438
12367
9811
14893
14236
1100
16243
6605
22781
7076
21052
30010
12446
26444
18149
8866
20352
14736
22166
9817
22844
22010
27585
25049
1778
14453
23734
13320
22147
22450
13426
28345
14848
26315
32184
17780
23394
23078
17508
6522
18555
13213
16635
18180
6956
23003
25222
22476
29145
32521
10913
16078
19482
23211
4047
336
8115
15044
23056
28960
14791
12353
11702
23581
16456
23188
14452
21752
26546
5792
13496
31036
12537
5333
14138
22668
17343
6812
31445
24876
14539
29429
7831
30148
26807
21086
2580
4192
4840
12792
27647
5818
28868
26085
1787
17340
2334
29428
16558
19009
22517
26496
10007
5404
7775
15253
24610
18523
28352
31829
14202
26573
18751
18074
16031
18113
23675
21725
13112
9489
15993
9303
8106
7519
12770
30053
27113
18591
19307
11057
17551
15061
2964
20111
13867
15648
16533
14373
10971
26872
17557
9679
17437
2228
27678
16194
23266
24911
14542
19951
26596
18795
9295
11306
17978
12694
6025
12171
1065
461
25109
4756
13886
28734
17909
8597
153
13650
27523
11981
19084
16619
20904
4562
20581
21739
3662
13875
1927
10485
29464
32091
2240
31607
27216
30648
29910
13288
8225
14621
1891
31310
19462
19557
19427
26628
11906
2650
10508
13754
5906
22485
13918
2749
1632
3878
4090
20857
16569
6325
7351
13628
25793
30442
31347
11580
23141
18763
1191
14556
11794
2788
10558
12587
11300
4076
32680
21421
20642
1701
22058
27231
24360
32644
10616
13557
14116
16530
14981
30566
14405
26642
13978
20906
19249
8804
9638
17602
25207
30505
4821
2298
1988
29096
9059
6507
18777
10353
4019
6339
7100
26687
12955
29513
942
1571
8962
25115
7262
7391
2990
13242
19932
14736
13655
32201
18384
15249
30464
7186
5228
27547
135
8394
22431
3633
13178
6678
3724
30011
32300
20686
25402
21745
27912
25728
26765
24570
26150
26808
21109
28373
17180
26494
32357
13945
15639
27937
24583
21048
24362
307
9774
9449
29413
12501
11276
21830
6954
3637
2725
27027
4412
18772
24195
18049
14361
17933
5547
5457
31242
21331
22993
21820
9336
26554
27336
7187
13825
1848
32060
18979
21195
13869
29091
13659
21272
7586
30577
4017
8219
17614
28811
3265
21259
991
10495
2743
19061
5111
14066
17008
10710
24692
5850
17116
30569
32116
22509
15271
19518
26520
27864
23320
19084
28937
29877
17209
20040
32697
4151
23096
3062
236
5928
31245
4544
13814
16918
17245
24261
15942
7241
6046
1203
675
20984
32381
1944
26038
11964
31356
28661
24009
24644
4320
17173
23502
20811
2250
21916
9123
12487
9636
11363
31124
31075
24766
24451
18722
3376
26169
13232
10498
14743
22821
24009
24681
14227
8934
9388
20871
31773
20956
21839
27985
27879
19267
15629
5252
19788
21591
7741
2535
30599
14012
21257
22992
13860
1054
4734
23273
20917
15637
3039
11316
9926
24395
19519
21581
22547
7904
8782
26096
28920
20237
29812
19898
3112
15880
15644
11572
21154
2088
8531
26381
26337
9802
21905
16551
4179
15219
17622
15574
15117
26039
11769
5092
8125
5721
11069
27864
10208
13619
22566
15351
25141
4952
2443
27276
7025
28921
19435
11237
28468
6789
7173
9118
25916
24852
3490
16674
28377
29190
21686
29806
22688
20967
25767
8216
1124
32406
6637
27792
32610
31911
8667
24743
18620
21509
5308
25421
23593
16348
30242
2719
21738
5558
3963
23585
15616
10212
22757
25159
23708
10015
25668
15163
7639
18287
32401
1242
22691
11340
31605
18943
6913
24579
24342
21765
16757
23132
23089
2951
29623
23162
19561
14186
22956
6146
16606
24862
7316
3968
6402
7968
2181
28166
22952
32452
25112
24598
20062
27185
17506
18369
30461
12205
6950
7697
29566
3611
3400
933
25103
27329
27525
17563
25446
5199
30562
21427
14678
14109
5730
176
13216
26293
17788
28162
24331
24721
24780
2467
10935
27686
5001
3391
30638
31777
1079
18839
18108
29936
4382
16679
30849
15492
12538
22022
21444
30549
19444
3855
17930
5799
8401
14398
4711
7180
2666
25180
25237
13867
14684
1503
28227
6847
13824
19724
11439
16867
16030
18782
17527
26252
21981
6187
11693
28759
5502
14981
14889
10885
6474
9311
30755
27715
5705
18160
8961
5679
29237
6749
5741
2329
28462
27282
30635
31238
16303
27504
2345
18299
5825
22574
23640
13304
2159
8697
21947
10690
20089
29150
14142
27621
17741
490
9416
22650
13618
4496
22291
8230
15303
31050
28860
5859
27052
8579
10646
515
26751
24757
17476
1906
15626
1231
519
8763
31162
3033
2260
16461
30035
20442
28586
28032
23011
10746
25890
12243
8181
20708
9288
30967
18950
30318
11177
20754
29757
26748
27309
7869
3158
14625
22823
12366
17888
12808
11563
27229
7848
5907
8992
16257
1909
31809
3093
21851
1269
13013
5721
31446
23800
4533
1093
21420
9180
7440
17757
23853
15944
20803
9624
12348
11038
5374
1787
9370
10666
5794
22892
14695
4128
6382
17606
26341
26181
29403
14633
15744
6252
18116
22932
30219
22180
13514
29877
22349
29744
3191
32767
5308
23351
16802
18686
2696
26813
10386
20711
31451
17618
15718
1652
12384
2825
31411
20974
10754
22316
880
10123
13302
2606
9231
5115
4603
23393
28397
30526
7904
2537
30700
25016
1351
17009
29534
18311
30122
3357
15398
32276
32155
22463
1305
14312
25680
28749
14763
29378
12382
915
20935
3046
15045
29733
7422
28343
29485
7576
18660
4488
14703
22513
9911
13488
28759
20318
29762
6108
11689
1060
11265
6570
11105
1753
8326
30067
24127
17619
26395
4967
21891
30944
21929
7904
18422
5175
6105
22256
29225
13231
8056
19772
10753
29999
29728
1806
19315
16742
9749
13477
25229
23996
26733
29392
14006
23176
5748
19131
6966
12675
10318
25608
10489
10365
23262
7457
17807
19534
3815
32205
7032
6160
9073
14338
26527
7307
20335
11003
16420
15345
16030
7305
14430
19916
30128
7342
1569
16180
16810
18280
3132
837
13963
22731
28230
26576
302
18258
4507
8785
4209
22647
12193
10529
22935
25473
23888
11501
15339
13982
11249
18023
18342
21041
18213
11323
27667
28269
13354
1349
20721
32547
5722
11009
24345
10712
7412
28739
15457
25115
32287
16424
16063
8214
9004
10572
6834
25954
27164
10557
20701
1056
8290
19504
7925
23621
6890
29939
30686
821
3929
24867
18193
2452
4759
15775
833
21336
24715
24380
21566
13859
20773
29627
20505
20945
7842
16120
5001
22348
24843
14435
14733
12712
25343
7348
30291
17772
13235
18395
22873
14893
6711
27446
31442
610
19963
29703
6219
5491
6289
13861
25742
4115
17588
12018
3783
11984
32394
29836
17637
22248
2342
9544
13635
8543
27985
27484
21384
7246
1418
26843
25804
13950
2891
8167
5884
2357
2446
11042
10111
29776
22672
23141
23833
16530
1749
1973
22800
15420
21356
14450
910
1502
7540
24274
5959
31084
27871
20366
4187
29588
30838
16347
638
24399
19741
24476
6742
16823
31321
25558
20004
14360
26639
5476
423
7241
14735
14316
8510
17213
25040
23825
30796
2517
19709
30698
18144
9208
17201
17587
23190
25062
26752
22723
11960
24521
32310
28350
22441
21390
18787
17164
15748
27890
17047
5258
27136
31712
29418
7551
28055
20730
8767
6353
8167
3190
15050
10105
16216
20267
1488
10804
13311
491
9646
25467
31170
10004
28957
30134
30141
27234
5044
4525
15077
25351
6063
26943
491
15358
15598
14934
22628
13980
16705
1562
19238
15208
32226
18533
4085
27948
32323
17271
29279
29260
29706
13292
2020
26711
11354
235
28506
13788
27221
15519
8080
11903
19167
2283
2354
15691
5540
13401
4076
2378
8028
9044
7890
18515
8526
22936
23552
13348
10770
14310
16253
21937
2972
16892
4454
6843
27254
196
4936
27043
21069
21708
22733
10113
29615
19702
5019
25713
28435
21873
22137
8749
20762
21223
5043
26849
9236
32248
23232
7738
15046
4840
6435
21184
6251
10644
25231
31079
6648
18859
1102
15712
17572
3866
26596
27189
23976
29384
2287
6677
12099
2948
593
7789
7938
23356
30353
22200
31038
31855
22399
27031
5606
17380
20759
5156
14975
10909
23464
899
23912
5127
14646
27835
11875
17523
25116
22212
2129
7113
9461
19170
12349
26747
32189
24369
1436
26297
26676
20352
2003
16356
12675
6242
21754
7748
3362
18563
1504
10493
28921
31801
2895
31807
31942
14171
28817
29118
28862
4438
10034
19810
30583
26493
16392
8767
18181
2465
13681
967
23908
5346
10972
22334
23574
28868
17803
22895
18188
8838
663
11422
10954
27311
11828
701
28103
24809
24630
14307
20754
530
8660
28921
25659
25745
8364
4791
28785
1766
4872
9423
7912
27781
12640
30055
24190
31973
26912
4301
19613
22740
11434
24934
9571
6669
1183
3048
32512
12556
18011
23497
21600
21793
5054
21496
8971
15044
2098
14282
8265
1064
14057
8247
18825
8211
24167
28998
21507
2796
30017
17350
16285
9750
29732
5951
4363
6524
280
24616
30523
29549
24582
18010
24560
31403
19576
10181
16301
26302
8353
13154
4308
29326
28061
12392
19983
32049
26874
17859
27631
11522
21366
21954
5587
18675
15626
16912
12812
15396
18984
11237
28990
30644
24130
1149
27913
9943
20363
458
6633
26920
2049
19302
4187
1857
14251
29643
28994
21897
31775
4550
27016
14670
8520
3625
6408
1044
24422
31169
24748
6444
14934
32647
23506
4488
26132
18202
2293
20941
21630
23405
25993
18090
20571
27069
294
15209
18843
27847
19433
32451
14048
6199
9240
18937
12350
6243
26372
7712
10047
31289
2356
3004
24619
20342
31167
6289
4230
25370
21754
14262
18137
4632
10835
2027
32694
7249
22909
19500
3062
451
19150
21127
11333
16382
1765
15658
1505
984
29071
25024
21662
9058
11244
13054
32302
29723
25037
26744
27295
20835
1633
22714
17957
26418
17425
14740
4122
5385
9128
15029
6979
32041
11959
11899
25429
5124
4408
13578
23479
17393
32369
7580
7050
31011
23835
29208
2791
10716
32452
24805
30055
11998
26226
30976
9705
35
25225
27724
28559
10701
32238
19498
18442
3424
3181
29770
22296
17199
22104
6081
8010
12308
10097
9307
9227
9060
17674
28722
12510
4386
3947
25983
9703
15475
21108
8369
28077
26194
2436
13500
30
21637
6809
2484
5844
17616
19640
2458
30358
8296
32143
3958
29218
938
23129
19621
2601
28173
8194
6261
20124
11862
9867
24047
25894
24331
15281
7156
22778
1833
4297
11148
6094
13081
16367
16506
16423
6625
11359
22548
9432
8856
16931
2641
10693
24092
22767
28964
24045
18695
15945
6664
30376
27102
10988
13788
4140
8076
10095
31474
22358
13327
9250
28003
168
1906
18489
421
12430
26363
15404
19807
14565
25765
29533
14971
20413
17104
14588
28797
9054
18488
1063
26644
28554
4132
22358
23791
30722
10976
12023
4562
3148
8812
17237
6889
30898
14198
8638
8796
2190
27270
24805
23331
32197
9593
29829
5660
8594
6448
25671
11611
21125
9097
27110
14785
13259
20878
14993
18128
25007
20973
32657
30909
20321
27561
16939
22727
12790
19726
20168
15304
7345
18154
21331
30474
12929
18426
15587
22363
4298
11427
6298
3684
22376
14050
31693
2614
29170
17030
14180
27430
1595
2461
23172
3035
11295
3372
18540
20389
21116
30243
26013
11024
30078
655
8254
6842
2592
21266
22462
31841
17135
11408
26555
32320
4625
556
23075
6300
3207
23411
1177
17818
4783
27350
5402
27475
25101
26718
20960
11306
29770
1179
4230
4446
20349
2014
10350
17371
11178
29096
25696
18262
4488
11361
14195
27544
22152
10573
14641
26650
6674
30909
11510
21971
10258
12930
6297
31566
25779
17063
11854
7935
9578
28256
3531
21463
6967
9533
8362
29718
12840
29347
5647
15969
2590
9085
16778
18708
27859
29743
24895
16345
25884
23243
3908
8058
23404
16776
25162
25587
23450
17776
384
23756
26596
19800
12212
7077
32051
3349
4539
12563
11425
18669
13332
11178
28216
27980
5064
3419
4348
20152
11924
11009
27692
9735
24138
10806
13766
7376
885
4459
8777
32287
17212
7736
12734
24429
23689
22000
19961
21967
22634
1145
7709
2925
6583
7514
13150
18742
4085
13078
29451
18642
4474
30905
25035
25304
8402
432
13351
27970
8546
13277
18504
24094
16203
8171
27906
1670
3729
13279
6674
31185
9597
31728
32164
29963
13887
26009
793
23203
27608
14572
14086
5732
3639
15401
11392
32166
12706
13711
18327
32710
30040
16242
4384
15059
5493
8846
30648
18570
21525
10907
8709
22405
32188
10530
13887
25775
3318
6798
15087
10491
12602
8582
29943
3926
15636
19578
26323
18138
16260
22908
21790
17732
19617
27730
29784
19880
14721
27337
9190
20323
20317
29516
23130
12626
14833
8628
9973
23873
13602
5730
27754
8102
15843
29579
14565
12176
19033
17620
24396
29402
19773
1311
13765
21156
2179
13988
7544
13315
29497
16707
14230
26872
14001
2840
27546
11679
1762
32593
8911
1449
23052
30524
23826
3596
17307
14756
729
5881
30286
1118
6260
6671
12696
21535
13971
24782
7751
24209
27657
28494
24163
29349
27855
1841
21593
13098
12876
22230
25944
24479
28883
10447
15100
8005
1646
10134
18474
633
18138
2427
5435
11841
18642
14561
5980
26149
6289
19626
5940
26688
29586
25840
27336
20374
29082
16374
1692
28840
16120
7006
10779
25670
19467
13724
11065
13477
5638
938
9559
24753
27888
28413
3943
10660
23279
12217
32080
24280
4293
5921
4244
7129
31643
24145
23600
11455
26622
19759
16324
3259
22055
19871
32243
13039
25471
16118
4621
8579
28002
7602
2283
27381
20771
21352
24859
8624
27985
17149
13886
26081
18489
25881
15277
1414
32684
2265
19043
25287
26115
3268
1559
5258
28767
9217
23976
30018
23094
31687
27326
5127
8715
21780
29871
15340
17276
26274
6815
1421
21122
6935
26860
9959
23541
32635
24009
30061
12110
30192
8488
20056
30129
157
29662
22846
14891
14572
6657
22758
18232
18165
17557
32347
32136
27962
15976
29247
2050
31892
24635
2146
4362
17517
4130
20883
23807
21296
20526
32694
28168
6910
8264
20503
5393
20131
14176
28670
5136
2760
22472
3972
13709
8041
17114
5796
32097
3466
4065
12437
22206
3366
27191
8535
25455
12137
31402
6541
20577
28959
36
31882
21347
20843
23436
19630
13866
16572
4839
12787
4760
31741
4035
20163
9278
10252
7381
22285
21279
16750
26337
7575
23478
13377
1242
2966
14395
12401
19275
13948
12067
3631
28405
2065
10982
22175
15033
11461
16132
17617
23737
15428
32330
21235
3771
20556
1617
10181
7630
32187
25673
30797
5423
25581
14068
12747
4205
17988
12789
32751
30924
25608
26187
842
12775
626
29721
19459
31130
23811
2472
27851
32543
28698
21422
14866
30071
20934
17105
2427
9484
3289
19047
1422
16532
12862
31872
27054
312
5260
10022
14922
19958
25050
22243
19799
29252
4054
25220
14077
10230
19985
25629
28304
30817
29341
17229
16323
14529
5338
13507
23576
9688
19085
21249
8347
25304
15154
13408
25552
24451
32148
8789
24554
27025
29594
22002
3389
27986
6244
23984
246
10644
29846
4203
9226
23239
11508
12718
22124
8543
24368
11057
21123
10106
16639
32672
25819
18883
13682
23198
19483
18326
19588
25098
21815
15973
24816
11393
2022
29786
18501
292
30551
13885
18747
17563
2847
19609
19528
14170
21623
19482
31343
26914
17316
17722
15961
1483
20918
5916
23462
24386
29301
27064
4229
22734
25241
4921
30082
6039
9785
27811
4000
7272
19334
22969
18600
10932
17849
2078
16832
8407
29770
10682
13375
9631
10851
11871
21696
20235
19092
16557
27766
9810
19144
2611
7359
11559
13432
726
251
18492
29982
20343
8862
13061
4845
29648
29572
24766
6591
23455
17029
28335
21583
32519
24138
2991
9640
9779
23134
30951
5853
4156
10888
2008
27899
333
2137
14752
23356
31749
22273
25464
9597
10780
31079
31874
18162
14410
20088
30914
28953
10596
18366
21865
30444
25801
20021
14938
30811
1020
26971
21735
25081
9106
23687
20443
5366
15183
11899
3262
19277
16780
20284
596
3134
7643
20514
25703
17663
12014
25131
30918
22959
26549
3732
15758
17035
18375
23979
17576
2404
13059
24543
26771
15185
27767
19737
15972
8865
14465
11855
26891
23827
27187
17750
12759
8778
24572
9975
2621
20091
13189
15174
23253
1385
8410
6191
17317
403
26826
27218
12706
25515
12944
24593
28020
5707
12467
19174
1914
6628
3370
27386
17678
19703
24772
6388
29450
1159
14791
16911
16778
2254
30167
27248
3316
18991
29466
10678
14390
25196
23706
21970
31823
13849
5611
20505
20753
19024
2573
10391
21285
8871
24979
2983
19279
15199
25605
11713
15091
29662
2180
10642
4569
32095
31148
1106
28973
8681
4287
19538
8138
30589
3071
1492
5048
21396
1115
23072
13554
4809
26190
15572
15725
2258
29189
31612
23127
11444
1728
27490
29340
21815
15738
10664
13999
6552
5836
8595
23943
10879
16399
19754
13032
14128
13249
25600
23267
13061
14633
27726
28320
3868
1854
25156
22107
15437
3782
27041
1197
2399
12219
15746
30477
12667
24050
21111
8086
12000
30975
24284
7179
9689
23379
15719
24088
31724
25767
24061
10458
28501
926
14538
1954
17075
677
30608
8694
20736
7198
18751
4313
7622
6591
5063
6477
13712
820
30762
28693
29343
8204
23765
27327
31199
20690
29232
16866
1050
890
25972
18597
18282
18176
13757
15744
5364
16971
24416
6215
32467
4695
20862
31076
6739
21395
25049
7779
12896
23176
13031
32693
32318
24508
16421
31661
12410
8918
1198
13007
29216
18690
28684
31050
7726
31383
7502
451
20809
1016
90
9556
8623
32184
32133
27861
4973
16385
8033
16218
7378
9526
24278
23036
20259
24535
12661
29917
30608
26533
21000
14694
19559
16903
30574
28115
31368
10669
28070
31218
10009
22899
17705
10535
14714
32392
3197
19892
379
5583
18439
10551
3533
14469
7201
15988
18103
7205
23916
28757
8458
18824
31591
4655
32087
20305
31041
19783
1887
29576
26860
32661
10699
10373
7283
30664
27166
18704
397
12938
16615
24518
23410
32004
16955
32191
20205
8357
10850
25709
29875
31775
8913
1735
26099
11699
21336
9639
30510
12975
5021
2929
5449
8245
20681
10998
30945
22845
31617
9624
9182
26077
4632
31918
23883
20425
6915
29226
8037
10262
9101
23673
11249
6723
5836
29098
15059
12409
211
19923
30429
11538
4649
14512
15589
7513
30586
28302
20762
2448
22925
28775
32408
26168
6518
8015
21817
10892
7437
9998
31150
12367
16286
31759
15311
16583
15074
28793
26416
29450
7214
9371
501
16248
6635
22157
28135
27785
23878
21780
8135
14537
5160
6599
24802
26144
24425
20080
20197
2647
28993
16821
3571
18648
28671
3832
24821
22965
28925
32123
7217
492
8147
23240
9759
24810
26059
21584
31351
14157
9621
5202
25487
2798
24380
9726
24036
19487
20569
25819
23030
24625
25735
31590
20570
13626
2582
13564
23562
17172
16132
9977
20223
7593
27176
29986
29954
31854
21681
13632
30911
23342
22479
13838
7963
6153
4784
11605
19655
12988
15534
4438
2581
4387
26567
8552
30987
27900
18253
25058
29111
20205
20190
3899
14529
15049
15767
19568
1095
28943
27013
4262
17124
27059
24412
6161
22802
27681
10860
23572
18611
26752
22736
22186
30442
30259
4073
5380
1071
7078
17675
23924
27299
17223
28277
27785
22176
466
16519
3452
28053
4562
19247
4554
30481
10341
2981
27683
7197
1855
18008
29315
12495
28657
15656
2975
15388
23659
5589
19330
12782
8384
1207
17272
4982
23082
4016
2347
27076
20302
32096
14604
20117
9665
17559
30708
30572
4298
4112
14347
30436
23914
10844
17642
10308
32665
26140
23292
31060
1235
22131
20010
1647
4051
27579
951
15578
16799
18551
17256
30548
13252
25225
9193
18670
26595
17574
5740
27165
20588
1030
21907
31758
22186
15968
15248
5689
512
13333
17291
21049
9330
21164
14915
18907
12390
17278
25081
15221
7084
21170
3466
18553
29629
17004
30427
585
1856
24130
21625
14669
18643
25328
29313
16964
20231
3660
21182
9687
5548
27516
6162
28276
25680
12134
16663
2137
32258
14696
30213
26607
32348
3145
28119
27226
1984
21360
11945
9294
9953
18516
11621
4900
3973
3124
4254
25645
5770
18952
6844
17990
3367
13495
32602
31148
24949
13706
10220
4626
10286
24289
11173
7921
29620
30501
32408
11808
7253
12285
7197
23716
24013
24005
12406
27081
28172
17212
1458
114
28986
17788
14290
10925
28409
7216
29739
9098
11498
20993
18443
31534
4722
10577
17055
16675
31166
14636
28180
10482
4612
22139
25597
23796
14092
7547
245
29541
25072
12142
31621
14778
5920
30865
25160
18996
30120
4685
17740
8118
19382
5553
3772
7124
21590
29216
20156
13100
641
7239
32405
13305
32086
10578
32530
23269
12711
10848
22058
10783
7351
23604
28638
13998
13378
32557
26213
24581
4030
27512
5511
9687
14049
13700
32071
4140
14691
30390
14276
23989
29701
3679
1633
27740
9938
28395
14884
4128
16549
19291
31580
19488
1003
14581
13447
8693
26794
6457
9330
27461
24515
24600
23458
29077
23412
2657
10483
14431
16672
22652
14719
11621
10323
8538
28609
13124
2817
20908
13819
14924
19214
27475
20436
23439
12563
6424
28486
10808
18528
10910
4279
12063
15421
3220
25190
17050
6774
4399
15113
14485
7958
7384
25525
4837
28018
2850
14589
11737
23145
24574
26462
6930
11243
6450
18139
7829
29112
13319
6628
543
23402
15170
13180
12985
12214
29014
18587
23691
18671
27352
28881
30965
15051
11571
6701
732
1386
9629
29789
17730
31124
3146
5910
30746
12867
2015
26551
8026
18273
9513
553
24657
7634
30479
10505
16699
30901
29381
265
1811
12263
23619
7059
9640
12233
22262
5296
30195
9796
28341
18473
9896
266
11510
25068
6923
8478
3650
19888
11269
26518
27622
18908
32631
32672
11756
8613
27086
2499
22857
21111
3544
3175
20056
8343
11990
19864
19335
24326
26834
31239
2129
28328
17202
15697
31852
14501
20878
12164
10051
10256
22207
15328
27558
26311
7736
25818
21440
24986
32666
2407
20810
22447
16514
3958
19967
31012
18597
6078
8272
22775
23584
7867
14424
13859
20489
12019
6418
24588
27978
2174
29130
14877
30127
25029
27601
8880
32573
9610
117
16686
6598
21033
27440
32631
29370
24093
3104
12932
27456
17861
20151
13899
21637
9832
26804
226
18004
2680
1362
28904
17384
19219
12479
23329
8958
10959
6095
7008
26926
3511
28658
11434
4986
29329
7012
3224
31784
4451
23971
28157
21197
17205
13350
32457
23211
5911
10060
17709
25404
14438
10131
22528
12047
2636
19210
30306
15571
7302
32521
17055
9906
23914
543
9302
3040
11560
14924
5594
14451
13904
15216
24792
32629
12180
4612
3642
31543
27344
9736
3404
10217
21831
19004
22045
3176
19759
19347
2857
25943
28785
5349
24116
1649
18602
15076
15481
26141
30837
1105
1540
1859
19948
17008
21597
13663
24172
3513
5222
18132
3993
15056
30598
22914
12706
7095
7
15770
3783
24899
11453
689
5144
12492
2025
23316
30591
16937
7516
18780
32512
6619
7136
19522
19776
13193
9683
31924
22340
12461
5397
21032
26492
24460
13861
304
20992
11883
16006
10318
15897
24320
616
16138
10499
3623
11652
31555
1521
25558
840
8387
8018
32595
27188
28438
7507
29604
18052
8603
21925
26696
26639
13787
18560
12836
3951
27674
28392
30912
20066
13868
15919
15283
18288
2186
1211
19548
4302
16805
1033
4051
16003
7034
27634
7455
22473
23399
6957
2986
15286
13373
18710
1522
14619
3734
31917
29824
23981
11113
29922
21790
16482
21723
26128
4677
19230
4440
12487
28373
18319
3299
30158
23048
13141
11434
11112
16297
8039
222
6103
10369
7858
2241
21791
16147
2051
32001
16908
3209
3878
5188
1142
493
31056
30212
196
8604
28858
20381
27311
23800
15247
16292
21321
31326
23048
2939
22589
5976
20437
21282
22616
6931
7360
14160
20808
11539
10381
9667
19108
1061
9764
16340
29229
8597
12786
3918
19796
19618
12172
32128
9212
25135
10901
16529
2176
19643
16099
13076
8440
14483
19421
18908
5560
22598
30503
7186
18714
19802
17026
12676
15486
2365
14573
2880
18062
14974
30480
6754
32455
6717
4827
6442
565
11745
9835
31314
30077
20745
557
25246
26657
7108
19013
24756
32000
30980
817
22318
31772
336
20905
19694
12704
28090
29130
6065
15906
14097
10612
5351
15397
13655
14833
25795
24290
21365
5335
23438
28232
11054
22575
7488
17473
7506
21974
5969
12087
14900
10788
19661
24023
3677
9676
10407
14356
10114
3843
19023
18799
26036
32229
134
8310
27863
22548
26226
18315
19029
12194
22253
15079
8980
2353
10787
32735
32165
19800
29020
16741
31934
26953
9494
5585
7658
25265
31063
20962
20607
25312
19521
3327
30928
32042
25319
15043
13221
13453
26719
32185
28136
1172
25369
5988
9377
29050
5230
6531
24869
25491
30332
15506
17801
20968
19506
32660
15709
33
30631
29968
9879
21417
2736
24922
1742
1036
17841
3603
8361
10916
30899
30451
32150
30068
31415
13254
16319
340
11082
17333
20538
8015
12890
7623
15743
2377
29256
10920
24096
18916
24638
2984
2996
23461
14019
21254
2580
17235
13965
4463
28363
10656
27030
23746
7367
14348
7282
13334
10325
15621
479
25854
14156
23379
13470
22028
12679
18611
2945
23187
21913
24514
29638
29617
1469
2333
17827
8845
24844
16327
18210
12254
31987
13515
20783
3245
21219
22050
19183
12379
13898
15574
28500
6117
26307
18024
4335
19047
4745
23920
20485
1759
23858
13699
30436
32564
16026
32345
28791
17527
19997
21039
3353
18536
19977
25451
2471
6204
2898
11647
3289
13469
25992
11535
3794
10995
4871
25430
24309
21474
30062
10438
15355
23315
4690
4846
12866
29752
1075
29089
13416
24906
30638
10069
8729
11797
2293
24777
12581
17655
5501
28651
27862
16613
22006
19960
16256
8366
21632
2277
14937
16260
4892
8190
3979
14008
30304
5069
29320
3269
18544
11581
21150
21904
26665
16383
9163
10222
30879
27693
10706
3175
9418
9005
31118
18746
19324
29657
9351
12192
10134
25052
17091
20053
18556
19551
20191
11605
28358
10214
2142
30435
8505
3956
20544
12752
3573
28918
13270
28922
3055
22750
6614
7187
20642
8463
17835
13732
11778
1785
9486
16977
27826
27909
7130
13662
5750
19251
16924
1650
17643
4865
18538
21659
18550
2704
30327
14995
15226
25346
30692
14402
21966
3622
27480
21891
5230
5975
26578
25131
2416
929
27710
30536
26682
32038
27975
7590
8691
19904
30061
15768
9783
27880
2903
15348
7183
9431
21098
26720
10016
4842
6554
8396
3362
1867
19584
20032
20372
1998
31405
7896
3502
31257
26943
8461
17048
14600
25266
9269
13273
6480
14584
589
9234
8546
11723
14071
7660
30866
13634
26559
27471
20856
18082
16802
3285
21398
12151
20433
17790
18492
7396
12210
3749
3753
20280
17960
2098
7027
11201
23060
14610
1833
8421
14364
13284
28726
4206
17323
29685
13320
13350
6456
1647
17266
12452
9676
21453
5711
19045
22462
7570
617
28959
19649
1083
31129
5457
8482
10610
29487
31775
17482
17028
1171
1373
30346
12053
27949
6122
21528
26643
6531
10303
4436
23272
24993
3399
19536
1268
1726
6002
6032
25402
13340
7685
8718
2649
1840
30388
8321
31423
25347
2930
23519
1305
4824
648
2337
21261
15
11492
20038
26668
32585
11956
6298
12066
30925
5684
10296
26416
28715
21700
29902
1501
12063
20030
20384
24808
6071
29318
26320
13440
25016
5475
3548
22967
18239
30861
28520
16693
25764
15367
3134
1577
20387
10414
11155
11654
10686
2323
8332
25963
12765
1158
2304
22754
6456
12403
27008
27598
8054
19442
19092
29471
14870
22937
15176
15688
19215
2964
23783
32499
10931
13816
23559
30707
2265
15189
31429
25722
26939
10123
4178
3724
16157
27870
8623
5043
27696
30540
30644
13045
9909
2589
22103
14083
2789
7101
14635
20659
23441
9159
14631
30128
13830
3938
32681
6000
15667
20432
27322
18023
14
14148
18068
5499
7987
6132
16482
20919
30158
22896
30278
25155
18876
30770
18592
25748
18157
9078
20622
22752
18957
27980
8111
29397
15971
16619
11565
25226
4857
4936
5114
10678
2813
487
1625
20768
28007
21489
6817
4694
22492
4488
21821
18850
14546
9559
5112
17466
13558
15469
15992
16055
31690
22603
24583
10184
20371
18235
3738
31528
17522
30436
17163
18637
31441
21788
1706
15459
22784
13053
6644
14584
2080
24123
30882
23801
14401
25780
24294
605
28615
13897
13297
3872
27154
6381
32184
10739
18782
8955
16888
10034
8167
12237
30839
16918
5201
650
29326
30252
9544
2879
23524
3333
20580
562
14460
13359
8271
19827
1010
12133
26153
25779
22017
31491
8747
10073
12361
29373
24459
22739
22863
20623
1952
14122
26822
6135
28743
24538
26893
16739
10629
30432
12792
14821
20078
17428
24787
2862
23877
15033
4516
16314
23268
8019
15793
22344
17758
16312
25410
24461
6628
29034
23208
1321
29157
18980
31870
12506
31609
18099
32047
1264
20736
21511
8633
20225
29702
28298
12720
16861
28523
19377
19077
3012
25792
16848
30728
7383
2291
25138
13868
12749
21551
31081
16394
30439
26878
27107
20521
22310
30385
5310
13821
19387
6913
17629
25773
16319
1782
20540
24346
23588
27400
25472
9500
20460
28293
11219
1550
26776
13874
21230
31886
3812
15925
375
30590
31665
2866
23438
13390
14659
30389
11171
3710
17580
6864
12170
26718
25480
8453
15313
4377
491
30821
10577
19441
11416
14074
16643
23756
31604
10851
6677
15856
58
23486
7741
25355
3439
2763
10318
11638
27033
25677
28937
30138
17068
30644
15925
20052
30149
12282
2034
25525
32538
21451
2122
7565
9777
20712
26889
25929
14929
22221
974
13786
29495
1170
26723
22713
18953
11791
7498
29736
24208
31811
20120
20154
15521
27895
24327
27669
5596
30110
3910
26359
17306
19840
12179
11383
9504
8983
3980
31886
11801
16569
8258
21461
14659
25720
31888
8848
29544
20295
19371
29932
29328
20318
12793
28805
19829
18911
17447
19243
18231
1977
12406
7910
25425
18892
4693
16183
30156
26703
9269
29601
946
367
17305
15208
1990
31545
31596
32409
28530
23738
2200
20554
25601
16997
3284
9763
13326
29109
25533
10526
28988
20499
20009
906
5672
16633
26552
20566
18588
12120
6828
3980
3078
17975
1530
17436
30760
7325
2464
7899
18448
22706
27962
23243
21835
3617
21712
11933
21334
23488
30707
30580
24405
3187
20232
236
14343
16206
10979
3675
12794
23289
27288
2391
15355
20569
17293
31096
2001
28780
20436
10590
11051
22901
22200
7414
19670
16218
918
15610
12851
4938
32495
23479
16617
20130
7610
30483
18647
25874
6911
23502
10829
8700
4001
3592
11387
29980
7292
6916
6185
29294
31407
14379
27305
2380
26171
21332
13578
14039
5838
30786
31631
14233
15065
12142
10591
31849
10472
14855
27774
26254
15155
20280
3580
3879
2416
16041
6765
7626
29932
7240
28313
29291
15066
22857
31860
9855
235
28267
23632
10594
4127
31614
32337
31734
12762
34
4129
20366
25402
4561
27366
3082
21160
13088
7537
323
23469
12353
26296
18345
29959
9421
13447
5162
17661
3776
31346
854
20463
4806
29966
8129
30001
21941
11617
10153
11802
3930
20630
21977
17239
14968
12277
12749
27781
1550
32019
11031
3584
27609
5702
1026
2293
4122
30556
20340
20927
20121
8845
1561
16496
6378
5549
30397
20397
2543
8103
5626
15808
21150
10790
28948
17384
25604
19349
18465
22515
31370
13642
4973
11279
28280
20990
30748
24798
28087
10369
28689
7624
731
22187
10511
917
3425
14486
24350
11579
3892
4106
13873
13044
29558
16441
22277
25492
12926
29101
21324
10266
30493
12926
5387
17797
10534
26312
23873
28905
301
7516
5577
27073
2446
7350
31361
3719
12466
15408
23980
8066
20621
23925
2965
9184
20331
6711
4470
9476
15853
31269
27543
13345
5710
17687
24250
28168
235
17804
183
28990
16899
3927
13412
31314
13499
7829
7351
6765
30565
25314
19247
15403
11521
2765
11631
27305
30724
9097
32301
3808
4697
24805
15690
5937
9894
8573
29506
15680
20176
818
17351
24070
23489
7129
5033
6178
19049
10800
17913
9328
2562
21270
21614
7389
30617
16123
18183
9594
13002
11157
20210
11215
12235
17876
2221
12401
10924
24601
10603
20183
24540
22691
7097
30569
11760
17481
20321
4058
1184
12655
16527
28088
17682
5939
31282
24385
30556
17639
6053
13945
31044
26052
2447
2681
2633
27868
8712
8970
22760
32081
11261
17010
29976
8901
4565
16782
19479
28177
22356
12833
4456
19002
27328
31596
14621
7585
4419
9471
26450
2937
29329
17358
30970
27006
1994
15751
2526
15844
29090
22051
7138
22926
31167
15292
17290
25217
17251
1182
32190
25240
28490
21408
4810
11897
14038
5813
10921
14535
17001
5054
30339
9626
16146
14242
4980
12844
30573
23457
2703
17621
29636
29925
4643
14649
25978
25178
29756
15552
25002
19648
15981
20294
12043
19711
7885
15380
11031
19642
4672
7951
2668
21798
18424
18992
30834
16413
24123
7988
23102
32622
23654
12693
14518
28280
3634
17592
5622
25079
9270
31336
12787
27165
15789
17795
606
31461
16250
29939
25036
28324
7273
27360
14867
5856
29368
21540
11767
20326
8918
29696
1542
18327
17258
22541
25792
30211
5783
2165
1531
27193
25726
2146
3462
28892
24325
15031
10509
15866
29399
32511
2364
4506
10669
6818
30247
2708
459
16991
746
7078
24269
22518
9356
22211
30627
12325
12330
686
26075
29910
1105
11976
14878
30615
25003
14631
14846
2122
14046
31463
10991
9246
25521
3781
20114
4286
14193
26089
29754
14280
11923
7940
17321
22144
13210
21403
9498
21958
26427
20387
27269
24133
13247
26445
7710
31982
12202
24355
6686
27557
5018
6740
19911
21049
18289
844
21410
5018
19126
25224
15628
31558
31801
6057
14064
24325
1270
26823
27606
2262
27196
23559
18205
32041
2831
20336
32132
29006
3274
17146
32496
1582
31497
2280
13673
6969
7877
20568
13669
19871
20673
15897
17225
30659
19237
1980
21037
17645
15977
17646
24543
11582
11637
27397
21035
28138
21767
9944
14682
20897
8788
2260
7161
23886
31986
14156
12252
13572
26613
6929
9314
19765
15961
14915
25081
15398
3744
13670
25317
16287
22971
6840
2366
19175
14638
962
5688
12528
12400
12590
9896
16078
11664
6360
22723
23149
32030
6696
32552
31108
13641
19614
1313
1221
23621
7342
26661
31575
19952
10959
27298
27269
9396
8399
25594
3512
10671
29033
20939
10914
4113
13849
3700
32189
32710
7983
20693
19188
13142
10787
22870
26271
11529
4648
28714
19125
18254
12035
6357
3133
9309
13854
7915
17670
16668
4568
24603
17816
12095
17184
30573
9066
15028
322
11720
30550
32318
3072
21431
24649
11104
25573
26732
7743
2428
23766
12806
22895
28732
16106
11023
27074
16689
27004
26953
12938
9402
11390
25002
26225
3624
19471
11685
18351
19231
25168
13739
14465
8767
4980
25842
12246
17668
18455
19061
26187
6379
25041
19260
20313
7127
7690
18909
13005
26546
6928
26435
31353
6487
13158
16558
2090
7856
9056
20219
10202
12315
11500
19238
29222
30995
11699
15373
13058
13324
23393
4470
10411
15774
6720
28756
11997
25318
8716
5190
10823
28458
25859
27233
18492
15547
27963
18735
26283
19744
9272
27127
14417
11376
14526
1855
31021
9216
5860
17552
18228
62
9834
17273
29511
28125
17228
2518
24162
12851
9367
7507
14102
17119
9596
30763
11065
174
9379
15158
25052
6592
28098
16674
20861
22246
24941
30464
18046
22607
20272
7683
11734
1380
13787
23173
30727
13296
24093
13387
10320
19076
852
27658
25635
25114
32420
18986
5849
11000
10310
19145
32165
6359
25379
19203
12230
6725
1698
7025
30465
24392
6846
7151
3151
29508
6747
17571
3283
11806
12250
16443
15118
16546
8171
31605
24662
24610
22178
19941
25220
21856
19150
8179
25070
29359
11142
12835
29589
13652
3076
27033
19359
5682
439
17884
27655
19879
26771
25562
11155
3761
16812
12844
10502
32085
24579
15004
32407
25665
22431
9444
18851
28080
25312
22201
23199
25486
12817
21768
8528
15068
22844
19072
10558
28247
20546
22352
14950
27732
14634
3634
29231
7151
24762
17064
26783
15716
11588
3205
13775
10685
28611
9392
27548
13742
19239
32549
22432
15293
9708
17980
8545
4517
23025
6958
6343
27901
5768
16341
18644
31509
10441
3507
8847
12321
7725
24118
21569
4505
30040
18490
8420
32735
20789
22224
19417
17187
25160
7486
27865
24452
31296
19527
16430
29815
32204
11436
18211
11117
10416
8946
19641
31152
22552
8294
8859
14734
20268
9567
10836
24250
10724
14531
32448
18927
29214
30924
20928
32726
2798
10508
21042
18218
26165
25007
11809
29210
14453
17409
1336
22255
7907
22576
24445
15342
27582
30802
31804
14976
3296
27817
3392
23952
16531
7462
12873
32565
3237
31789
18619
10641
11199
3736
25492
32505
25842
13566
32672
27989
403
6709
18416
12490
21833
27413
32392
27031
3172
15231
23896
18749
13424
15518
878
6883
13066
10349
17001
11000
7923
1658
24625
21018
12131
11753
8421
10039
13728
10427
11541
7410
21710
23633
10290
3656
27657
6955
2882
32371
26289
1014
6104
4110
26373
20934
30532
30587
32500
416
23047
27778
27439
28987
11146
24378
1155
23303
11791
29741
23398
21359
4839
2999
12752
11099
25317
22703
18252
23546
19220
19017
11086
24510
8613
19771
2503
7336
14123
10271
9719
17349
18443
30489
30594
18937
8749
2745
7623
24059
21240
11811
7533
32673
29054
6253
7230
7262
22771
3400
3897
21769
26468
28899
3810
20703
5285
21260
17885
16844
30092
13721
11707
32230
32604
4614
3604
21050
8068
25183
29142
29388
31626
12640
1756
11225
27970
30172
7107
14431
3907
15707
12281
25056
28059
27143
18966
19810
11970
1993
2160
6586
18637
31919
8169
13066
5860
6289
15628
32649
25334
18420
31577
18818
14251
28206
26332
2720
3739
10955
15365
31848
11965
3632
22963
4615
20258
382
6546
16206
20963
26041
679
12539
11096
11818
2601
23098
18826
31233
22163
31595
4075
28991
14583
1574
15173
26835
20629
636
16881
4611
3244
22912
1097
14606
144
10503
24927
22288
15869
1195
1008
31525
10667
18454
31635
20177
32290
24189
30262
14752
28880
9066
11723
26633
11609
16575
24127
14744
6958
11768
22444
23117
8545
13488
207
2879
23736
7782
23996
24196
31744
28546
28368
27221
13987
21395
31720
14190
4477
7899
8144
28340
26092
2317
10239
2586
24358
1365
7297
3269
25040
23449
1076
1647
4556
26367
14647
26121
27218
7599
24992
24484
7234
17882
24685
27025
9912
31739
21182
5319
24033
28252
27969
17542
21518
29148
19949
2362
22791
21489
5619
8866
930
3561
24561
27953
31124
15733
26217
16053
27014
1639
28275
30262
27500
16827
19118
17185
15122
7636
2684
26534
247
5129
10607
31326
7519
22368
21246
27441
10660
8345
3709
20343
9165
31599
26444
14685
30817
31002
25934
7818
24190
27672
27036
4611
14885
4397
17275
21836
30936
18857
4492
1233
7271
19177
17219
25476
26631
26400
20122
2502
25508
21336
28167
31627
10616
3763
31403
27065
12765
20215
14028
8914
4447
5705
7301
30419
23830
22073
1212
4700
10547
17407
14933
5392
21976
16900
19877
26431
7725
677
15402
4803
7600
18483
16505
8999
16332
26174
24183
20751
19886
26643
32716
31955
3668
131
13461
15470
11494
9958
27737
151
22858
1376
15167
5421
22259
7267
32638
216
28153
16245
31508
2030
29295
20276
13755
22163
22001
21655
15129
5669
30588
24950
2359
29143
9602
23117
17204
20123
1598
3389
31803
14918
23110
14931
11954
21998
19807
28941
13236
16279
18836
26394
20162
16143
138
11362
8629
14871
7950
24646
7415
13251
24304
19497
16371
23332
27412
1839
15818
27940
18886
1860
23112
28080
16718
17249
4886
31773
27332
19210
26929
18116
26406
30492
24218
25072
27304
6085
31824
1531
4683
17364
29819
30899
14257
11571
13546
9730
14128
7857
32191
11215
23589
1797
20585
23839
26507
13584
19155
128
25804
10595
17115
19879
16598
8449
13830
28248
22386
15718
24946
1670
27345
28104
5644
1980
14696
32156
7426
21435
9727
27740
16508
29285
9732
29320
19591
24281
27172
22507
7249
12256
29981
32543
1948
8072
5325
19027
17517
13838
29071
15692
4356
7169
10184
170
14865
22437
8125
10861
20773
31126
6056
28599
10087
31917
5130
9171
24712
23847
10818
10359
12793
11012
22879
13126
8795
7086
25907
3225
23863
24283
26536
11135
28399
15028
3160
21251
31988
13111
10839
5293
20026
16602
12371
23627
14313
23153
5856
26864
16982
22097
19725
22334
6705
26294
21307
8417
8704
13666
30767
13660
14283
25223
27749
4104
793
27367
8103
28505
24348
14650
7391
4452
13609
26320
22570
6558
23403
28535
9005
999
19415
23711
15276
18631
18274
11196
10328
5879
14706
29676
22505
17955
28563
3802
13933
26350
31084
18658
11488
5175
17649
23670
16124
27034
19162
15552
15186
17210
24403
29576
12698
10942
31477
5721
9032
5530
4085
5855
8800
22672
16283
29332
21130
29814
1014
1436
105
8249
8655
1260
17193
13346
30427
25522
23639
23128
30772
10225
18934
10407
29962
29292
16079
1919
29078
15814
29960
2624
11856
6375
3832
7348
12130
24738
31290
10717
22620
15508
2304
8178
28713
25423
13738
30116
8514
27064
17560
5285
18977
8621
14396
19819
12793
19435
19315
14386
30116
8495
26133
10048
16605
30364
16330
3692
10159
349
9504
993
13357
32139
4827
15904
31844
15441
7053
13124
21646
23886
19302
15754
29065
14138
32332
26896
3975
13261
23598
20189
28934
8924
28566
8482
18947
18630
2686
19647
27498
11278
28005
21513
17106
26185
25762
18123
615
31803
20471
31627
1319
317
18537
28174
17234
2529
22607
26398
27419
12761
31146
20874
29092
14613
20148
24687
12329
31788
18620
27318
24956
19453
12592
8158
5041
26774
18684
31227
25114
9045
29202
4351
2934
27724
5962
13113
14437
20202
18029
26395
1567
8664
12428
14912
10598
28194
1175
430
15801
20887
22571
28504
5323
24690
4778
8423
6707
19002
3729
3001
8037
17894
25862
27178
9185
2373
6065
3603
28074
20381
3277
15505
1530
13203
4479
30472
28212
24650
22118
21863
8474
24015
6771
21933
13376
31925
30715
17580
11712
9468
2058
9228
25136
3128
20475
12692
28369
5870
11589
29605
9225
26946
13208
28423
29716
27343
12585
27113
14838
16855
19786
24610
27828
2460
30013
3261
4803
18445
2890
11445
2497
26277
3087
24317
30307
12945
7704
17859
28847
10257
16303
19702
16491
3360
1781
14854
15829
8023
10290
26859
10900
22799
13930
23144
5871
4550
21041
30609
10045
32196
15039
11915
19868
20733
30023
19603
19430
2362
32389
14657
4577
9076
14999
30478
19382
16512
5901
3349
13477
31986
4931
15894
502
59
8943
12480
31283
1812
7926
27952
3220
27936
14468
21429
31931
31180
8795
28886
30369
29819
25707
21142
7889
17376
3491
17142
29396
7338
14344
3004
3564
871
4868
10099
9733
9634
26624
947
21736
20047
19765
14498
434
31082
31422
22971
32388
19162
30194
17358
11901
27803
1778
3144
18405
6172
11390
30133
1707
20198
525
3459
25362
1663
19484
22281
8359
19342
7878
10184
18806
8255
21141
6384
27005
6633
15256
12838
7777
495
22197
12676
20320
32228
24897
5345
8583
754
3790
18515
31781
6268
20804
7667
12671
11778
26420
29408
8133
2117
9320
9607
24133
2476
10431
16673
19167
23015
31032
636
3001
12498
12108
6655
22836
18588
12929
20201
9246
15144
12348
26585
27689
20147
17878
31891
23195
30136
4339
5377
30024
1552
6671
14712
32189
27486
19802
22589
20671
22698
30150
9288
23028
15692
28254
20807
28639
268
32217
20710
11282
19335
4207
30030
5022
23253
17387
7403
9167
11624
31234
19315
5910
823
25827
21540
30279
31260
16911
31053
18948
18811
14187
9487
121
24869
1683
8037
23371
28540
2674
25954
31178
4823
13072
1466
21358
14888
29610
9860
13953
30940
22280
6206
7961
20994
11787
6674
31305
16048
3206
13143
10648
29602
2126
18011
23218
10789
28309
16480
1886
28723
25459
2788
12720
17376
8134
8742
12416
32245
16700
29925
8219
20442
24750
29035
19255
22713
25264
25546
8237
5600
13926
2406
1634
12903
30361
32179
10246
31251
8457
25664
1026
29563
22533
29685
23595
25961
25146
18329
21436
19331
23753
6038
20995
32299
21404
16641
32090
4515
13305
15829
25177
12405
19799
29311
6986
29970
21617
29856
3037
1721
7322
12046
1310
32154
31568
1820
26019
21052
2579
26395
2570
23580
14968
21024
8611
9111
28793
25864
15209
2825
5903
26810
7991
4919
25347
22956
18232
16106
14336
2217
3488
23005
25582
14545
25241
9945
9339
24289
7808
14623
11002
26036
17490
32006
4721
7178
18529
13285
31725
12169
12108
26419
17689
22785
6445
5869
3343
7668
3348
10040
31598
19286
6325
20808
32173
3473
6237
7040
28335
18892
15147
7387
23703
7277
6012
3978
24797
8412
25511
30431
16034
26250
9963
23657
15168
14131
30373
26721
25894
4704
5062
22852
15587
559
31877
7874
29824
11606
18001
7127
14611
19046
21514
21560
14993
22605
15472
2288
26084
16415
29916
2123
1341
17430
5166
13555
15020
24535
16902
2137
2286
32246
9783
5206
24198
9917
27768
18451
22287
3113
12381
31782
9936
5942
25990
2557
25745
23132
4119
29312
9645
3418
24935
22514
8297
30258
3325
20248
18564
25461
27064
19358
6671
7104
13133
11190
1663
26247
32759
9986
14337
4625
15977
9396
7949
6852
20488
15604
32318
22435
4951
27010
26721
20501
29362
10652
25804
7912
19264
7458
11761
1685
16419
23288
15922
6854
19953
1708
7927
8981
12904
26968
11774
6935
31837
4554
19699
29593
22518
16355
12097
31017
27417
7997
14887
985
22052
5392
11022
21567
11487
9559
30746
16832
31663
13102
7935
7695
11532
8319
22038
29168
25396
4317
21424
30530
6689
21424
8106
29756
9657
14739
9025
23543
24646
22778
27432
22572
7461
1560
20440
8256
13250
512
30760
16765
14020
9482
27165
15523
11140
2168
7683
7327
21956
29529
18364
27290
27550
3758
19033
9013
17850
9420
2535
4371
24516
28673
3979
12441
15645
15482
13266
241
1489
24932
17218
26197
28618
21842
20789
394
18499
25055
11495
8362
12671
14996
11469
11559
26810
31500
17448
15117
10336
20565
5851
7559
31357
20890
32633
9381
3956
19455
15267
26716
27893
1485
12945
17615
2345
15567
2542
27596
9775
25596
31977
12186
460
25685
10633
27378
11614
25873
18496
10827
8722
24312
452
31323
25943
32525
22298
32730
20883
7279
20467
15497
22292
17793
25404
9587
18761
10313
19953
28274
3122
23062
19506
12022
13845
16998
26776
17410
31091
11526
21961
4983
27450
18299
1610
5269
31036
3489
30357
16831
9440
27026
23916
22398
22039
2761
13932
1225
23186
14472
23269
28804
25907
9078
7401
14406
8641
31373
6307
19551
12511
18227
12266
19738
8255
21671
25622
19775
13075
9887
531
7644
3780
17200
21684
1861
8167
21485
20809
4954
19309
25171
29299
19720
16409
13157
13623
6419
31800
1683
27730
3090
23436
15328
24012
25019
16777
9540
24272
31072
13252
1871
25019
31674
30888
3344
10867
3558
3690
13109
7418
13741
3648
28275
23107
21256
20430
4393
8004
21219
24801
13376
6732
32546
9568
10069
10903
4066
13184
11290
15904
25089
16438
249
16822
30432
12274
32507
22354
8551
8074
20201
18088
1098
31092
31153
23548
17803
27449
22538
10551
6977
20262
9563
23866
5527
24133
14809
9586
18967
16012
12272
19884
17449
16723
30949
4651
24278
26124
9401
22520
27602
29998
24912
16250
19386
18290
29907
17734
23450
3394
14162
25912
23474
10862
20398
29635
13178
31266
14262
8581
14051
3861
19344
23839
20704
17410
26715
1859
14117
12380
24082
11535
2862
21822
14515
15513
3204
5793
9377
26571
16444
21713
29255
10609
12736
14882
31999
8336
12498
4318
31026
13817
12493
13699
28096
16415
11566
31019
23714
6438
14164
2124
24270
23356
4484
10657
14170
14124
31536
26984
8677
6448
4729
1230
24627
4103
28402
10664
19223
10824
22951
24163
27286
15862
18014
9790
22857
20052
29212
13750
30467
1019
19179
19266
11956
27433
1243
65
21389
27740
71
9777
22885
13088
25945
1057
27740
30501
6352
2153
11198
23444
28161
17048
3114
22691
14876
14766
9459
25448
11441
29324
27846
18410
4467
15016
10637
27006
24379
2821
6036
23889
14416
5987
3050
4929
16357
23987
5643
241
26851
18893
25787
796
8681
16741
29237
26921
657
11323
15237
24320
24054
19603
1843
10525
24179
31717
32545
26338
3757
8149
8630
20274
29651
27493
20028
6971
7460
16490
28807
5011
19634
17725
4056
29575
7526
690
17665
5808
19013
7758
23497
9415
31473
1204
9105
12217
14707
6241
13112
30718
30007
14489
9277
19239
14168
13473
2339
12471
27679
32559
8986
22836
26054
13855
6875
894
31873
21095
16596
19551
28607
5197
6277
7266
27820
32728
13098
10217
24059
32132
7578
13690
26852
29497
25967
7770
15208
27006
31079
15709
4060
4331
26890
16380
2469
15324
18317
3496
20289
8301
13815
14686
1415
30370
22658
12668
4143
18149
15172
8659
15252
31926
27150
15357
13241
4510
16277
23024
27786
25700
12239
11988
24421
4228
4512
31250
16857
23005
11190
28846
6574
170
2226
20694
21029
4531
22152
21435
13952
1733
21800
29087
30149
19295
6238
11311
5056
31150
8438
21268
27463
25531
4389
30405
9666
15588
36
32159
19434
30601
12574
3895
21456
11015
12620
18927
20513
5610
8543
30407
9385
4190
11806
12150
25623
743
31824
10938
15104
13650
3036
8940
3110
2540
22063
2775
8697
30961
11230
1226
6494
24647
5516
20460
27056
31596
15375
8144
11780
6062
7118
4681
5042
22682
1901
14208
4625
8374
15789
24643
20353
29299
5773
9888
22447
23901
2998
25779
1812
19349
8213
3516
20415
17281
27338
7540
15189
29122
18753
4514
20054
3942
31902
8681
12449
30815
13919
10724
16187
1588
22588
31093
27468
759
27474
32601
2666
18551
4737
512
31770
24502
31763
23196
18580
13470
5790
26233
7367
12783
3371
8844
18333
22908
20119
9550
7296
11415
9274
27339
24349
30922
7111
9973
7272
23752
18547
4671
5344
6562
8026
25703
7188
1086
29470
29075
4454
11014
21201
7584
22031
989
20501
6583
25699
13911
28801
8225
27734
22057
20039
8796
6464
8670
11284
7534
25821
6604
56
2169
7064
839
15111
4496
30217
11284
19583
7369
27580
544
11563
14739
9012
21362
28230
586
9007
19039
5412
6665
10540
31229
17870
15552
18731
3802
237
5510
15028
30701
30953
20272
30490
7116
16977
4898
3329
28192
25470
27237
19742
31062
1907
13562
13374
12440
22536
11118
13962
7676
17224
7855
20489
16635
12311
27166
32358
12580
26136
19429
2036
22801
11469
6027
13295
23963
26112
30406
22533
1354
10082
11408
24340
13327
6003
3708
11574
20278
4513
10315
1275
7574
21940
15802
20981
30731
18025
7839
31866
24102
31581
308
10917
17186
10797
22195
4766
10010
10972
20003
16923
20602
7029
31089
32551
14772
26353
18626
9763
1844
13146
20488
10506
6549
31537
2771
5113
4117
22030
4715
15086
20294
13446
31259
29903
24583
4945
17871
1967
15027
27052
12002
10830
21144
22269
11057
16094
30123
21430
27252
11021
21625
27003
15822
28991
18017
13959
7586
28443
7681
16460
16809
25930
8686
22873
32577
11387
32168
7809
25096
15275
16077
20282
12970
25507
12940
1347
24567
25538
14173
3978
32313
15356
22255
29772
20676
24611
15458
24190
4558
12389
23223
31340
27777
23319
22405
1440
23887
2993
3565
5637
27782
2841
15823
23628
30500
13604
15166
25999
31212
26458
12850
8244
4793
19705
21117
10261
11283
11325
30721
7645
1792
6367
8991
3509
5916
12251
21875
10529
25836
16503
9918
22564
27248
1665
9763
26027
7671
23000
23447
19241
7991
30510
32147
24446
15005
17931
12043
27933
14050
16405
22948
29550
8415
23952
30754
6001
2466
11041
25887
1957
27329
27863
515
22312
9454
29291
18992
5151
19660
199
9853
7512
14850
29894
5350
31534
3213
827
30850
16301
7258
14900
9653
12791
1812
10112
32422
18662
20539
18542
13299
14579
18294
9944
32164
6487
10538
18272
24670
25712
11595
19706
21209
22373
30834
30123
22420
29965
9008
21648
24264
12301
19363
27937
1178
65
25926
5047
32660
26462
15117
14156
21334
10453
22450
30850
7049
14586
18505
12775
789
10085
27931
21880
15252
2200
19633
17252
2310
8931
7471
32274
13766
25221
30692
24420
701
22804
27422
13118
26581
19487
24131
23362
14512
5905
31773
24542
411
25688
6006
4745
12477
455
15845
9545
24468
21561
27879
23417
20643
11896
7473
14281
30052
3933
6213
19334
4228
2872
19524
2844
18511
25713
4611
19417
15722
6000
6496
20211
31168
23995
28631
32205
19390
27742
21840
15222
25027
29072
21307
28530
14802
5523
18911
11710
14731
732
26607
8206
601
14708
16479
5209
21996
12702
29301
21655
7914
4538
6179
11210
29153
31593
28308
15419
6785
13298
27909
2822
2312
11237
15830
25816
13309
10750
19937
32760
16929
7499
26122
32644
4259
23185
791
15358
27027
18669
24515
29959
32409
16823
25869
20585
31719
10155
29910
19035
18284
31051
17067
31489
16458
25215
12000
21811
4747
4479
22494
17023
29455
21234
21949
16497
22473
14680
21526
25361
44
21413
32274
24750
25055
14126
28871
2778
19896
24777
10181
22710
24808
12592
6123
26224
5747
2215
27776
3593
3300
17887
6783
32092
21566
11289
15921
27996
22581
29838
30465
24221
15006
3855
13709
32534
12837
21993
12281
7461
16702
14603
28808
19411
22878
9323
12909
7258
15978
9637
222
4324
15984
5349
19563
11414
4501
17672
27278
17613
30286
32510
13187
30631
24019
19571
12889
27590
15569
21934
6986
15696
21599
22201
31816
15418
1844
28610
23512
24519
3863
21697
14883
4939
9878
8283
10314
16437
31483
19974
27131
14668
31356
8047
21826
27449
21170
28953
25761
30278
13133
16966
12130
5477
10501
29722
15404
30324
9428
1022
25045
26559
866
17731
10871
32455
10433
24071
27846
7234
1114
2909
4000
29026
4391
28840
11238
27226
9763
30280
139
8735
11007
31609
27882
17259
1303
24439
25949
31496
20644
9703
5643
24395
14899
14962
10241
28895
3158
6067
23685
6339
17817
21843
29350
18326
19127
24946
2840
6675
2318
26953
32319
9944
7505
13582
22666
22891
21117
31512
28930
32382
3342
28228
20003
25970
30322
2967
19690
15131
31934
27429
15919
451
31392
6193
28213
19057
7060
13461
19072
4971
20571
27493
6630
28665
26538
30415
31465
23916
7967
15685
7236
26975
16504
18911
25540
3389
7943
9210
30553
25347
2401
18982
23661
5959
855
21567
8564
15482
23591
217
17861
25450
29939
12769
21416
7434
19313
7298
24752
18806
7397
12358
26699
22578
13644
31102
13463
23986
16090
739
18807
8736
9639
31357
1511
3417
25510
7620
28556
5177
18646
12550
23695
2840
5052
1544
28588
404
28176
22000
6790
2961
8631
29282
6718
7039
6641
4586
8771
20956
1236
15258
10604
26105
10489
5620
3396
3072
17269
7434
32677
31798
522
995
29320
32638
28063
17697
30235
9503
22766
9953
15636
1478
10109
13795
15173
14287
207
31723
4721
22720
17371
30054
16735
20502
20157
2641
18732
12101
28332
3671
15589
21242
3116
3129
28502
10659
26500
24691
13084
17201
31091
26397
24834
3612
19487
16655
6282
26024
24654
29768
28361
21864
29400
27537
32632
13824
13917
6493
5193
1838
21811
16884
22135
11020
20386
12496
16033
26255
2644
23879
14040
19284
8455
17003
8951
28316
20869
28207
17202
4501
4822
3019
9458
7899
11444
28001
5601
8510
25407
22752
19776
6086
2802
7209
16257
19188
6358
11376
20498
1867
757
21733
21879
24847
1298
14484
9115
25933
7575
11146
4200
23579
22223
10042
9877
33
12373
24095
31423
20312
15565
12962
22204
22802
18385
5437
12076
11579
6190
3553
5968
20702
8785
29845
10016
23530
16124
7521
1943
9271
14910
31594
6482
6596
20129
32606
26969
14403
24741
13586
26685
12759
3693
25706
5987
14108
26553
14714
8351
104
25108
14314
3076
31824
23887
32159
2043
18286
19501
6295
30611
20834
21856
29717
15128
21271
180
8447
26343
31304
17547
32132
23680
28226
1929
1
31197
4587
27280
10534
21251
9987
28399
24917
10710
13994
19670
17738
6193
25378
3598
9729
8246
1751
16614
16340
5859
17564
22385
27877
7398
27960
1774
22203
6579
24097
15240
27440
27859
15751
29760
6282
18815
14228
6951
5352
28781
8435
11728
13536
15338
8847
18949
5478
12841
21149
29369
7407
4571
24284
8510
6103
3327
11291
30392
29696
9724
3837
8658
24509
